  9.9411975147687714e-001  1.0254834238281318e+000
  1.0113701970623277e+000  1.0065204257975413e+000
  1.0019745527425290e+000  1.0019052046703076e+000
  9.9765428150272506e-001  1.0287452582614360e+000
  1.0021030523534149e+000  9.8280281190548091e-001
  1.0057581080456168e+000  9.5078460470175818e-001
  1.0005629899294894e+000  1.0213971014706202e+000
  9.9920960856477703e-001  1.0152054375163468e+000
  1.0043353825222401e+000  1.0201096755931365e+000
  1.0003656268233492e+000  9.6181948371604920e-001
  9.9542572738360702e-001  1.0075390656204193e+000
  1.0077315031830285e+000  9.7310683336819925e-001
  1.0100537866567607e+000  9.7516040934819903e-001
  9.8855370771099671e-001  1.0260906906350686e+000
  1.0020726602052905e+000  1.0201265233959655e+000
  9.9926729756986388e-001  9.7938984742058510e-001
  9.9459824209479719e-001  1.0334237103568000e+000
  9.9830829739484628e-001  9.3983189868796857e-001
  1.0053821863009906e+000  9.7507996757172355e-001
  1.0009856105400967e+000  1.0438010196307688e+000
  9.9396366343564979e-001  1.0371123841138428e+000
  1.0038113794507095e+000  1.0816846523451218e+000
  1.0022172869738069e+000  1.0585321233532703e+000
  1.0084159448592038e+000  1.0509648968716028e+000
  1.0014950248022159e+000  1.0109465626039149e+000
  1.0038203154938041e+000  1.0417975257343786e+000
  1.0008300059614739e+000  9.5772566623313149e-001
  9.9484909166114277e-001  1.0096589652960943e+000
  1.0012461793995187e+000  1.0201350713999993e+000
  1.0041967981698670e+000  9.6937243917178761e-001
  1.0035375017994654e+000  1.0212261112481003e+000
  1.0055040929910022e+000  1.0456401048092878e+000
  1.0033849578143856e+000  9.9657370724780547e-001
  9.9991794194533223e-001  9.9195037106699047e-001
  9.9893867978676609e-001  1.0125641452715053e+000
  1.0060382669939418e+000  9.9247582272762680e-001
  1.0022511642812040e+000  9.3040323565376293e-001
  1.0041276770802408e+000  9.0126060433782118e-001
  9.9556516390262517e-001  9.1497959180645494e-001
  1.0025872854558402e+000  1.0644302619254451e+000
  1.0021446322491707e+000  1.0266168875406319e+000
  1.0063653325475510e+000  9.3306101464252589e-001
  9.9734176293637455e-001  9.7942415892147905e-001
  1.0040577900467254e+000  1.1365801134811186e+000
  1.0006071223975945e+000  9.9127031325267134e-001
  9.9960148501832868e-001  1.0756776137362432e+000
  9.9728975563246858e-001  9.8480819802617536e-001
  1.0051972337704267e+000  1.0211417461343992e+000
  1.0006852654236140e+000  1.0390022390506626e+000
  9.9936523054287263e-001  1.0312781625291469e+000
  1.0061578922905801e+000  9.8187898237973159e-001
  1.0034868594721740e+000  9.8839060450067950e-001
  1.0064737347835468e+000  1.0484504719519392e+000
  9.9659841280111372e-001  9.8262653148128798e-001
  9.9986738062315372e-001  1.0145897845704137e+000
  1.0025005339874873e+000  9.9077515679517658e-001
  1.0073785924137790e+000  1.0055057223749697e+000
  1.0020787436666836e+000  1.0187467618625814e+000
  1.0063850036348840e+000  1.0251425709136313e+000
  1.0052905095993550e+000  1.0310792870039214e+000
  1.0000047253313378e+000  9.9641587066203763e-001
  1.0095291220435583e+000  1.0107905710834135e+000
  1.0029049859279584e+000  1.0140997700294139e+000
  1.0043407562165358e+000  1.0262432567092707e+000
  1.0042762746833813e+000  9.9008029495506500e-001
  9.9935923855962427e-001  1.0354090393047373e+000
  1.0031027015498430e+000  1.0155884494882028e+000
  9.9604632845062158e-001  1.0003885749704229e+000
  1.0116366300540560e+000  9.8999923963126368e-001
  9.9911010272947764e-001  1.0581724934934857e+000
  1.0052333184061133e+000  1.0267614927344721e+000
  9.9558251662726049e-001  1.0045235925529861e+000
  1.0095805047327775e+000  1.0327401017760203e+000
  1.0043104564407306e+000  9.8965844121719992e-001
  9.9738230466786526e-001  9.2238007682167933e-001
  1.0080890250274306e+000  1.0265123903433402e+000
  1.0009704924357434e+000  1.0444564659481868e+000
  1.0062628513847374e+000  1.0312068995632377e+000
  1.0158846615030941e+000  1.0440897797973974e+000
  1.0005246252145767e+000  1.0283977176693455e+000
  1.0031724533438486e+000  1.0290043401589974e+000
  1.0019717226149005e+000  1.0394340124776171e+000
  1.0022327770396011e+000  1.0068169099552788e+000
  1.0031331611932006e+000  9.7543133018598671e-001
  1.0052063911187288e+000  1.0298800068412588e+000
  9.9816038967874277e-001  9.2723066045370484e-001
  1.0038838941889177e+000  9.9150342118658841e-001
  1.0049308008779960e+000  9.8537696723956203e-001
  9.9535869157417600e-001  9.0347299936821568e-001
  1.0029610832717770e+000  9.8294822485258670e-001
  9.9852514653839308e-001  1.0106885858848214e+000
  1.0035074893828304e+000  1.0358885268367137e+000
  1.0018040381218793e+000  1.0151055724342806e+000
  1.0038992668532476e+000  1.1423083044676090e+000
  1.0015366262087895e+000  1.0192024374217372e+000
  1.0029453364011347e+000  1.0511479857468853e+000
  1.0026418593216306e+000  1.0354529105599539e+000
  1.0003880922129913e+000  9.8031651785017848e-001
  1.0036676098688293e+000  1.0478117220412573e+000
  9.9783489806037229e-001  1.0675425711633779e+000
  1.0052614705112768e+000  9.9994661124278139e-001
  1.0035970577900084e+000  1.0343508379739876e+000
  9.9391835282780039e-001  9.6242397046210160e-001
  1.0045663588954221e+000  1.0029712386816267e+000
  1.0076086675699181e+000  1.0524254075752044e+000
  1.0036860913312475e+000  9.9247214711448195e-001
  1.0010779332221333e+000  9.5395266873856255e-001
  1.0104946101918495e+000  9.9166714815645651e-001
  1.0004266401220863e+000  1.1137182410504152e+000
  1.0025205065202136e+000  1.0560239958963309e+000
  1.0098048716470631e+000  1.0148755319655107e+000
  1.0039310860716930e+000  9.6997739833155128e-001
  1.0012632155234842e+000  1.0238121869330199e+000
  9.9812423929177707e-001  1.0563409224006020e+000
  1.0015637807910827e+000  1.0121312383043908e+000
  1.0071265727365122e+000  1.0691048253350266e+000
  9.9641134655356001e-001  9.8318649449311635e-001
  1.0044435234285025e+000  9.8669486207906654e-001
  1.0061227123086940e+000  9.2755289255484652e-001
  9.9846902014751393e-001  1.0150488748039490e+000
  1.0018555548661014e+000  1.0057151931878794e+000
  1.0068571613725388e+000  9.9353556897261874e-001
  9.9564495782158724e-001  9.0056060267750471e-001
  1.0016305781711727e+000  9.1610751679636238e-001
  1.0057358480689791e+000  1.0468262086570428e+000
  9.9716745347188862e-001  9.7956801556383699e-001
  1.0078919762916234e+000  1.0725778978957816e+000
  9.9968491423392414e-001  9.4848841380078408e-001
  9.9929252550945169e-001  9.5015632122705518e-001
  1.0074401970192368e+000  9.3897025341951512e-001
  1.0019793725783883e+000  1.0489262034461619e+000
  9.9792442205946430e-001  9.8778011720752523e-001
  9.9815049508727027e-001  8.6523470862527674e-001
  1.0048560631868193e+000  9.0818764762438997e-001
  1.0017506651361587e+000  9.2688656954505655e-001
  1.0002088371553552e+000  1.0706211767193157e+000
  1.0023381868875321e+000  1.0628187642056923e+000
  1.0050854771149160e+000  1.0839129715562112e+000
  9.9741953170801090e-001  9.4913982910412598e-001
  9.9988749483119888e-001  1.0286464090228356e+000
  1.0068255004979814e+000  1.0829140193187410e+000
  9.9821309640945388e-001  1.0977022812061432e+000
  1.0024871795204615e+000  1.0231632794845045e+000
  9.9622669660170238e-001  1.0502245479363792e+000
  1.0046915294710095e+000  1.0289488289628095e+000
  1.0002229921718524e+000  9.5402397607889100e-001
  1.0028527157615741e+000  9.8649800378064112e-001
  9.9778717543036077e-001  9.5112678754771485e-001
  1.0023231964525874e+000  1.0466928173837080e+000
  1.0022021596597730e+000  9.8498943803242289e-001
  1.0012423847640455e+000  9.4805934038254269e-001
  1.0047379876784122e+000  9.7557946647704707e-001
  1.0069687719511953e+000  1.1080109128830220e+000
  9.9660198644059750e-001  1.0570006808098640e+000
  1.0034319791119199e+000  1.0252072273066997e+000
  1.0130516331394110e+000  9.9978047926052815e-001
  1.0018673181046465e+000  1.0039056266552233e+000
  1.0022108642603162e+000  9.8818200724750416e-001
  1.0023798424551678e+000  9.6533931645401805e-001
  1.0052719996861803e+000  9.7364795604099907e-001
  1.0030893352871764e+000  1.0258291108013688e+000
  1.0021841241938589e+000  9.7010377972437767e-001
  1.0105570773624559e+000  9.9505766761538050e-001
  1.0023089946411550e+000  1.0622425936313999e+000
  1.0023120085144999e+000  9.8370437971852531e-001
  1.0035597528581399e+000  9.4571309443421614e-001
  1.0032342163332859e+000  9.3003115753697796e-001
  9.9785768460427149e-001  9.6893336280653242e-001
  9.9832656311374868e-001  9.2956404023488748e-001
  1.0018363394042529e+000  9.3289857035628687e-001
  1.0035913390444982e+000  9.6223194200907736e-001
  1.0053670104921220e+000  1.0999095311070262e+000
  9.8979246606664129e-001  9.5505236541053751e-001
  1.0090357272260773e+000  1.0980525937074592e+000
  9.9688834577396235e-001  9.8418226488541849e-001
  1.0025046956818904e+000  8.2266449179393109e-001
  9.9390158212301249e-001  9.8122883408917527e-001
  1.0004549288314257e+000  1.0915918679453771e+000
  9.9607754673340498e-001  9.9794251068049544e-001
  9.9820967066454158e-001  9.7115879484069589e-001
  1.0036279011952689e+000  9.3423086508105146e-001
  1.0007841715653183e+000  9.1837633011857678e-001
  1.0007719544401112e+000  9.5972398377324220e-001
  1.0011444188211640e+000  9.4796345342325727e-001
  9.9964696827143740e-001  8.9743890439026908e-001
  9.9747286637253052e-001  9.1421644192192530e-001
  1.0022865821309364e+000  1.1113213993971200e+000
  9.9451527588095090e-001  9.5092535863807326e-001
  9.9979571965432668e-001  9.2871753966734838e-001
  1.0025531083506340e+000  1.2903648526684406e+000
  1.0050619192630228e+000  1.0298918261719312e+000
  1.0029476139568698e+000  1.0771176636851927e+000
  1.0011432062226191e+000  1.0280971850284317e+000
  1.0137834117245488e+000  1.0610925851616271e+000
  9.9912014866895837e-001  1.0689394464733692e+000
  9.9922121379379036e-001  9.5066500080059058e-001
  1.0016137945292436e+000  9.5159625180019669e-001
  9.9793794302148409e-001  9.5458167276272865e-001
  1.0025494732307143e+000  1.0318963015602467e+000
  1.0024575201663677e+000  1.0234853923876255e+000
  1.0058117925062231e+000  9.9557241521151063e-001
  1.0094452269867118e+000  1.1855764621629286e+000
  9.9625756617986649e-001  1.0706509794331396e+000
  1.0051455117874728e+000  1.0087785362390012e+000
  1.0047535328846271e+000  9.8252332254851560e-001
  9.9746512647446395e-001  9.7681298099072011e-001
  1.0065831696265652e+000  1.0426492966416085e+000
  1.0014972829452320e+000  9.9487519131355007e-001
  1.0024456473704393e+000  9.8015511781835196e-001
  1.0025977113959774e+000  1.0166923809991457e+000
  1.0028028689002630e+000  9.7098924844523760e-001
  1.0042700382967904e+000  1.0292845445219305e+000
  1.0062995490073006e+000  1.0867381572948451e+000
  1.0011293288226195e+000  9.9413173326369864e-001
  1.0000855834630389e+000  9.7468309667612851e-001
  9.9536441113237484e-001  9.9892468101587606e-001
  1.0018217531564673e+000  1.0090564875933281e+000
  1.0033549128718646e+000  9.8876436828372272e-001
  9.9839502221949150e-001  1.0568719421895059e+000
  1.0077944182120855e+000  9.8609145353096839e-001
  9.9754780678349564e-001  9.8058421537944507e-001
  1.0017216103168243e+000  1.0026173017790667e+000
  1.0080788039189086e+000  9.6650244776532379e-001
  1.0028582570936508e+000  1.0715368433383246e+000
  1.0007174301175776e+000  9.9984226300086587e-001
  9.9797209257067798e-001  9.5725760202604571e-001
  1.0099265614484931e+000  1.0005285584644750e+000
  1.0066114832611550e+000  1.0572103828306503e+000
  9.9963803097889070e-001  1.0676442949898370e+000
  1.0022962831071229e+000  1.0361218188781423e+000
  1.0038796585874696e+000  9.8708135225029592e-001
  9.9657616214291866e-001  1.0535066790654410e+000
  1.0053496238003252e+000  1.0623280845124021e+000
  1.0045058185626392e+000  9.8589081228188069e-001
  9.9651133162099470e-001  8.2686443463004877e-001
  1.0019728851454170e+000  1.0391018966989525e+000
  1.0049100971799347e+000  1.0057594898586506e+000
  9.9983709203170279e-001  1.0777870121380944e+000
  1.0037421695213233e+000  9.6454600670380342e-001
  1.0001523537749313e+000  1.0779147518740286e+000
  9.9642879467917156e-001  1.0104540161299811e+000
  1.0003619348962320e+000  9.8211498481140880e-001
  1.0056265324118894e+000  1.0446237354985535e+000
  9.9342027429001656e-001  1.0190683655133923e+000
  1.0076791141558350e+000  1.0691717808093144e+000
  9.9943365169998488e-001  9.8088005575086146e-001
  1.0025092576438113e+000  8.9283051617367715e-001
  1.0029141807063724e+000  1.0671748028875980e+000
  9.9653099034714110e-001  1.0341201569625347e+000
  1.0033192094168204e+000  1.0522401211914703e+000
  9.9589424913839419e-001  9.5889760144103864e-001
  9.9765282579867043e-001  8.5314841233535776e-001
  9.9277990587298726e-001  1.0568968761643547e+000
  9.9710401580672448e-001  1.0690745022394978e+000
  1.0012039548629144e+000  1.0339012342134088e+000
  1.0016412905729843e+000  1.0874543041787292e+000
  1.0028181535504856e+000  1.0324052640035608e+000
  9.9941729216206232e-001  1.0183029348782113e+000
  1.0059999074680512e+000  1.0101652928184157e+000
  9.9606424672862404e-001  1.0488227215990478e+000
  1.0085845270354015e+000  9.7325542157417766e-001
  9.9653399309756741e-001  9.8501532920908652e-001
  9.9359417624765733e-001  1.0086773179662851e+000
  1.0013688679263903e+000  1.0723311550652426e+000
  1.0015782467657945e+000  1.0080531865972111e+000
  1.0021830546166290e+000  1.0160523262733643e+000
  1.0069143021419027e+000  9.9166217589196015e-001
  9.9481101467167177e-001  9.7454804687885621e-001
  9.9778113081120456e-001  9.2817484655564486e-001
  9.9830328975971439e-001  9.2862614323056558e-001
  1.0005205983005125e+000  1.0663427899052291e+000
  9.9698456982130246e-001  1.0356170371422200e+000
  1.0059862420084975e+000  9.7630003692901535e-001
  9.9493774632045207e-001  9.7170473804578339e-001
  1.0046878591159598e+000  9.5845343279677064e-001
  9.9878478378158531e-001  9.9728015447227469e-001
  1.0024676720754968e+000  1.0478278153573033e+000
  9.9618668899850449e-001  9.6036608030004411e-001
  9.9978410135416129e-001  9.7202046737954217e-001
  1.0042015559619144e+000  9.7861201716347324e-001
  9.9972744253104207e-001  1.1105231627167709e+000
  1.0021345356818356e+000  1.0216465607567451e+000
  1.0074750880071641e+000  1.1279046852232018e+000
  1.0002606356295844e+000  1.0696233711340914e+000
  1.0023065606386543e+000  1.0130070638497399e+000
  1.0018989131454945e+000  1.0481759512331306e+000
  9.9945810820145176e-001  1.0461224129970002e+000
  1.0095369826928764e+000  1.0412739762974836e+000
  1.0015994153697592e+000  1.0601821637558073e+000
  1.0022279974375232e+000  1.0457274844268343e+000
  1.0051856002829480e+000  1.0343584706328519e+000
  1.0031618129317172e+000  9.7554109304098413e-001
  1.0018646134803018e+000  9.8759751096439863e-001
  1.0006770558569755e+000  1.0200141556417204e+000
  1.0036356855458310e+000  9.6173414216481024e-001
  1.0020427086992045e+000  1.0451254158604084e+000
  1.0071825078617924e+000  9.8786026430678153e-001
  1.0044105392373814e+000  9.8892203860727146e-001
  9.8808793700555220e-001  9.4592878135509983e-001
  1.0083544553962021e+000  1.0167182122823584e+000
  1.0042389540022598e+000  9.9051930998199345e-001
  1.0028974590508324e+000  9.4854952100903700e-001
  1.0043838639237008e+000  1.0229121383838251e+000
  9.9677084748313516e-001  9.6034123125534876e-001
  1.0044249302051511e+000  1.1143358818102851e+000
  1.0048474144895081e+000  1.0038285276135848e+000
  9.9664320515180904e-001  9.9193362053551892e-001
  1.0087734679392935e+000  9.8153749670511525e-001
  9.9972703046197775e-001  1.0162368088628415e+000
  1.0057370160828596e+000  1.1021253624949614e+000
  1.0049046378625826e+000  1.0165685828590549e+000
  9.9433416365229110e-001  9.8698458903167618e-001
  1.0054994165906863e+000  9.8559676277688946e-001
  1.0041581146490302e+000  1.0416900133384333e+000
  9.9959074686435523e-001  1.0103188599030337e+000
  1.0034369342328717e+000  1.0122111673617771e+000
  1.0042341377831725e+000  9.9414095552009940e-001
  1.0016963844030373e+000  9.4736391352024674e-001
  1.0002626982411704e+000  1.0310329764768558e+000
  1.0023574718207569e+000  1.0605812614347261e+000
  1.0076709600285549e+000  1.0381573408187359e+000
  9.9656800664352863e-001  1.0089346590413109e+000
  1.0012715608067018e+000  1.0703459634794277e+000
  1.0056870967176159e+000  1.0618731629993807e+000
  9.9804392984633972e-001  9.9480935977815577e-001
  1.0026605059619706e+000  1.0369082170156518e+000
  1.0020189027912032e+000  9.9632588779701514e-001
  1.0015346691048839e+000  9.2696543581628810e-001
  9.9732008580380416e-001  1.0597102161838960e+000
  1.0034371795048969e+000  9.4229276064779355e-001
  1.0024447191170089e+000  1.0425380406289033e+000
  1.0015752743003830e+000  1.0035540214334244e+000
  1.0061102218082654e+000  9.7851896881689215e-001
  9.9793384562310627e-001  1.1054950902368770e+000
  1.0095488122715663e+000  1.0544089123092057e+000
  9.9968360790008326e-001  1.0225702565146937e+000
  1.0026046615561743e+000  9.7098465614092166e-001
  1.0010528411285218e+000  1.0042728122896274e+000
  1.0009329916752288e+000  1.0345275108707863e+000
  1.0022216112157591e+000  1.0457803192473552e+000
  1.0019267940148584e+000  1.0182415948195447e+000
  9.9600327540392042e-001  9.7827219686950395e-001
  1.0050064137372481e+000  7.4052820539292963e-001
  9.9814795805553125e-001  9.4514462118623510e-001
  1.0044609188266884e+000  1.0591287171648882e+000
  1.0056876063282403e+000  1.0640131326294244e+000
  9.9999751586007779e-001  1.0711550386223274e+000
  1.0078687600235503e+000  1.0096781791817175e+000
  9.9744400762946184e-001  1.0028947567685327e+000
  1.0034913621209745e+000  9.8656966473135910e-001
  1.0020223699744923e+000  1.0560836241108191e+000
  1.0040915682247258e+000  9.8715720225939052e-001
  1.0042514351098337e+000  9.7102775112473760e-001
  9.9721084823797712e-001  1.0213708377890545e+000
  1.0057906852837326e+000  9.9856471630946342e-001
  1.0004684194326381e+000  9.6909771435645176e-001
  9.9930097213642421e-001  1.0222892064526858e+000
  1.0011833588561001e+000  1.0537942652745236e+000
  1.0011808055169933e+000  9.9497441971644496e-001
  9.9617252643399712e-001  1.0103256910846383e+000
  1.0005254500475649e+000  1.0294101748402149e+000
  1.0013387304365746e+000  1.0297818678346113e+000
  1.0003689405191456e+000  9.9536009512090518e-001
  1.0007090720504035e+000  1.0472735489302849e+000
  1.0034181564601898e+000  1.0195479647472780e+000
  1.0018423120973907e+000  9.8979907329908001e-001
  1.0003259205477351e+000  9.3698593111715012e-001
  9.9966696825778756e-001  1.0056860287952814e+000
  1.0076893672069909e+000  9.9889636331265375e-001
  9.9331638433420899e-001  9.4132945752856712e-001
  1.0041825262213135e+000  1.0059901056364760e+000
  1.0018259191505723e+000  1.0143836668270370e+000
  9.9994396191119495e-001  9.5270143480749059e-001
  9.9963414435403486e-001  1.0556175974468407e+000
  1.0042815049793044e+000  9.9236809757155431e-001
  1.0002484125297932e+000  9.7741574602054393e-001
  1.0009604607809151e+000  8.8837254877573602e-001
  9.9637884806909494e-001  9.1448716840418276e-001
  9.9686189029369476e-001  9.4950845614207013e-001
  9.9765035077942221e-001  1.0590478517387123e+000
  9.9722229403562224e-001  1.0126320630160857e+000
  9.9472934886058983e-001  1.0865400421574967e+000
  1.0007680979243740e+000  1.1191242346660042e+000
  1.0035722477146500e+000  1.0470392136498488e+000
  1.0004139363321956e+000  1.0023694724324519e+000
  1.0027718806737458e+000  1.0325902095901176e+000
  9.9739807204072872e-001  9.5605442700861321e-001
  1.0015571433859445e+000  1.0283970811389880e+000
  9.9628471792228079e-001  1.0212708217745423e+000
  9.9880868932425437e-001  9.9088238343781954e-001
  9.9626340724909446e-001  1.0083075485148254e+000
  1.0025335510595730e+000  9.5791704576397685e-001
  1.0000489072945822e+000  1.0593298818748531e+000
  1.0099250364542247e+000  1.0798456265262553e+000
  9.9883190288890533e-001  1.0288304522802496e+000
  1.0038810760861281e+000  9.7718649335266949e-001
  9.9948515644413749e-001  9.8986411105268779e-001
  1.0009972089647259e+000  1.0049210774868635e+000
  9.9929278069942828e-001  9.6961506147768994e-001
  1.0029398250203685e+000  1.0307151535041670e+000
  9.9419124599971598e-001  9.8017074671433235e-001
  1.0099276410433367e+000  1.0011135307166550e+000
  1.0009305920472256e+000  1.0079536032067971e+000
  1.0040902246878154e+000  1.0438696049576845e+000
  1.0004155611212058e+000  1.0259728880112051e+000
  9.9767447198855241e-001  1.0340548160915775e+000
  1.0034597890612726e+000  1.0058957510181454e+000
  9.9233268985872913e-001  1.0291263179781824e+000
  1.0063018458202064e+000  9.8160781425271448e-001
  9.9888377366967607e-001  1.0248228674835735e+000
  1.0046953657380528e+000  1.0035882440615591e+000
  1.0014895163221558e+000  1.0084854922424678e+000
  1.0013886868840440e+000  1.0345068947447640e+000
  1.0022861503662832e+000  1.0045664903359914e+000
  9.9938043516314501e-001  1.0180921061961863e+000
  1.0004247708805007e+000  9.7660492112170971e-001
  1.0021295960781935e+000  1.0350069538687341e+000
  9.9733626292809485e-001  1.0409409830886991e+000
  1.0112957125976081e+000  9.8164411341020452e-001
  1.0001595446879159e+000  9.4704173456824969e-001
  9.9761152734984526e-001  1.0060963562120222e+000
  1.0039794640010808e+000  1.0009349103464387e+000
  1.0020946331921019e+000  9.7339246594407569e-001
  9.9772704940709733e-001  1.0201125330988277e+000
  1.0032889130141818e+000  1.0353077169559040e+000
  9.9978425315536745e-001  9.8199331801341405e-001
  1.0019937274600843e+000  9.8849811438654478e-001
  9.9964318050897782e-001  9.5923382970468885e-001
  1.0006414022021404e+000  1.0025397733239685e+000
  1.0042479198320275e+000  1.0082909027623868e+000
  9.9810023645091028e-001  1.0271578808943294e+000
  1.0008729848676994e+000  1.0150639141334159e+000
  1.0015632182036727e+000  1.0220743808559880e+000
  1.0039182679011516e+000  1.0225411202413954e+000
  1.0035202614445675e+000  1.0221225732282866e+000
  9.9672359908856611e-001  1.0335979763053862e+000
  1.0025936018188832e+000  1.0092136039143826e+000
  9.9965346295267965e-001  1.0155675109007103e+000
  9.9716459196987750e-001  9.6362294203172694e-001
  1.0054280423376185e+000  1.0323471362153636e+000
  1.0027692116895828e+000  1.0206381989391884e+000
  1.0000223334793530e+000  1.0284972544025575e+000
  1.0024862498037042e+000  1.0130498782063975e+000
  1.0031020821937215e+000  1.0182474646662258e+000
  1.0039096974529951e+000  1.0256769507804113e+000
  1.0009060690873164e+000  1.0216280580412198e+000
  9.9836686259538920e-001  9.8980798090825273e-001
  1.0043246168610067e+000  9.4963684459439945e-001
  9.9891650568579737e-001  1.0383654921091470e+000
  1.0011890815008888e+000  1.0257296876130486e+000
  1.0012117212052742e+000  1.0018730937345293e+000
  1.0008310597041523e+000  1.0389002292292631e+000
  1.0027918103420299e+000  1.0072558052384670e+000
  1.0031917248995201e+000  1.0326346453927193e+000
  1.0010922318721218e+000  1.0025583329514023e+000
  9.9992178741025461e-001  9.6813378575078324e-001
  1.0006541295561138e+000  1.0067081838041445e+000
  1.0009437610819714e+000  1.0735776352745268e+000
  1.0036865434066249e+000  1.0468186040230520e+000
  1.0066915319719090e+000  1.0517326032076955e+000
  9.9901502642539708e-001  9.9755263068870281e-001
  1.0017583340830374e+000  1.0545915920283788e+000
  1.0013492543469482e+000  9.6010720543331018e-001
  1.0016962092859143e+000  9.9984831862797663e-001
  1.0018907775882275e+000  1.0148511620276734e+000
